function A = beyu11
%BEYU11   Invalid correlation matrix based on tetrachoric estimates.
%   BEYU11 is a 12-by-12 invalid correlation matrix based on tetrachoric
%   correlation estimates.

%   Source:
%   Peter M. Bentler and Ke-Hai Yuan. Positive definiteness via
%   off-diagonal scaling of a symmetric indefinite matrix. Psychometrika.
%   76(1):119–123, 2011; see Table 1.

A = [%
1 0.2387 0.6161 0.6167 0.6621 0.5173 0.6758 0.7071 0.7983 0.5769 0.4705 0.7881
0.2387 1 0.3506 0.3537 0.2959 0.4637 0.1931 0.1202 0.2316 0.1708 0.4047 0.1161
0.6161 0.3506 1 0.8579 0.6603 0.4093 0.3826 0.5164 0.6079 0.5574 0.4512 0.5128
0.6167 0.3537 0.8579 1 0.7477 0.1803 0.4705 0.6167 0.6218 0.4705 0.3582 0.2966
0.6621 0.2959 0.6603 0.7477 1 0.3537 0.7364 0.5670 0.6613 0.5140 0.5140 0.4610
0.5173 0.4637 0.4093 0.1803 0.3537 1 0.3582 0.1803 0.0605 0.4705 0.3582 0.6161
0.6758 0.1931 0.3826 0.4705 0.7364 0.3582 1 0.4705 0.6424 0.6090 0.4911 0.4962
0.7071 0.1202 0.5164 0.6167 0.5670 0.1803 0.4705 1 0.7149 0.4705 0.3582 0.5164
0.7983 0.2316 0.6079 0.6218 0.6613 0.0605 0.6424 0.7149 1 0.4371 0.4371 0.6079
0.5769 0.1708 0.5574 0.4705 0.5140 0.4705 0.6090 0.4705 0.4371 1 0.3745 0.4512
0.4705 0.4047 0.4512 0.3582 0.5140 0.3582 0.4911 0.3582 0.4371 0.3745 1 0.4512
0.7881 0.1161 0.5128 0.2966 0.4610 0.6161 0.4962 0.5164 0.6079 0.4512 0.4512 1];